Day		Day		Herd(DRE)vol	PF(DRE)vol	Combined(DRE)vol

1473.0	1473.0	299.00				299.00
1507.0	1507.0	305.00				305.00
1535.0	1535.0	308.50				308.50
		1540.0				0.31000	308.81
1552.0	1552.0	312.30				312.61
1570.0	1570.0	314.50				314.81
1583.0	1583.0	318.20				318.51
1587.0	1587.0	321.00				321.31
		1628.0				0.15000	321.46
		1633.0				3.1000	324.56
1647.0	1647.0	329.00				332.56
		1679.0				0.15000	332.71
1707.0	1707.0	339.00				342.71
		1728.0				0.31000	343.02
		1770.0				3.1000	346.12
1779.0	1779.0	359.00				366.12
1823.0	1823.0	364.00				371.12
1859.0	1859.0	371.50				378.62
		1918.0				0.31000	378.93
		1926.0				0.93000	379.86
		1928.0				0.31000	380.17
		1929.0				0.62000	380.79
1930.0	1930.0	392.00				401.29
		2002.0				0.31000	401.60
2008.0	2008.0	392.00				401.60
		2058.0				0.31000	401.91
		2069.0				0.15000	402.06
2083.0	2083.0	403.00				413.06
		2150.0				0.93000	414.30
		2151.0				0.31000	414.61
		2156.0				0.31000	414.92
		2160.0				0.31000	414.92
		2162.0				0.31000	415.23
		2191.0				0.31000	415.54
2207.0	2207.0	428.30				440.84
		2209.0				3.1000	443.94
		2235.0				3.1000	447.04
		2250.0				0.62000	447.66
		2273.0				0.31000	447.97
		2274.0				0.15000	448.12
		2275.0				0.31000	448.43
2291.0	2291.0	440.70				460.83
		2312.0				1.5000	462.33
		2327.0				1.5000	463.83
2333.0	2333.0	446.70				469.83
2353.0	2353.0	453.80				476.93
2359.0	2359.0	458.00				481.13
		2360.0				1.5000	482.63
2440.0	2440.0	458.70				483.33
		2442.0				0.15000	483.48
		2445.0				0.15000	483.63
2479.0	2479.0	461.60				486.53
2502.0	2502.0	467.40				492.33
		2510.0				1.5000	493.83
		2514.0				0.62000	494.45
2521.0	2521.0	473.10				500.15
2532.0	2532.0	477.30				504.35
		2533.0				2.1200	506.47
2551.0	2551.0	481.40				510.57
		2552.0				0.62000	511.19
		2557.0				0.62000	511.81
2578.0	2578.0	485.00				515.41
		2580.0				3.5000	518.91
		2590.0				1.5000	520.41
2593.0	2593.0	486.40				521.81 regexp tab
		2599.0				1.2000	523.01
2610.0	2610.0	488.60				525.21
		2613.0				0.15000	525.36
2616.0	2616.0	490.20				526.96
		2623.0				1.5000	528.46
		2627.0				1.5000	529.96
		2633.0				0.77000	530.73
2644.0	2644.0	494.10				534.63
2650.0	2650.0	496.10				536.63
2667.0	2667.0	499.40				539.93
2681.0	2681.0	502.40				542.93
2693.0	2693.0	504.60				545.13
2715.0	2715.0	505.80				546.33
2725.0	2725.0				0.93000	547.26
2796.0			511.90				553.40

