2018.0000	1.0000	8.0000	737068.0000	0.0000	0.0062	-0.0062	0.0062
2018.0000	2.0000	9.0000	737100.0000	0.0017	0.0085	-0.0068	0.0102
2018.0000	2.0000	21.0000	737112.0000	-0.0030	0.0068	-0.0098	0.0038
2018.0000	2.0000	26.0000	737117.0000	0.0012	0.0058	-0.0046	0.0070
2018.0000	3.0000	27.0000	737146.0000	0.0114	0.0056	0.0058	0.0170
2018.0000	4.0000	4.0000	737154.0000	-0.0080	0.0076	-0.0156	-0.0004
2018.0000	4.0000	13.0000	737163.0000	0.0295	0.0059	0.0236	0.0354
2018.0000	4.0000	17.0000	737167.0000	0.0062	0.0061	0.0001	0.0123
2018.0000	4.0000	26.0000	737176.0000	0.0154	0.0058	0.0096	0.0212
2018.0000	5.0000	2.0000	737182.0000	-0.0016	0.0089	-0.0105	0.0073
2018.0000	5.0000	16.0000	737196.0000	0.0005	0.0070	-0.0065	0.0075
2018.0000	5.0000	29.0000	737209.0000	0.0143	0.0067	0.0076	0.0210
2018.0000	6.0000	6.0000	737217.0000	0.0139	0.0061	0.0078	0.0200
2018.0000	6.0000	13.0000	737224.0000	0.0259	0.0222	0.0037	0.0481
2018.0000	6.0000	27.0000	737238.0000	0.0065	0.0058	0.0007	0.0123
2018.0000	7.0000	4.0000	737245.0000	0.0248	0.0067	0.0181	0.0315
2018.0000	7.0000	10.0000	737251.0000	0.0480	0.0066	0.0414	0.0546
2018.0000	7.0000	17.0000	737258.0000	0.0190	0.0072	0.0118	0.0262
2018.0000	7.0000	26.0000	737267.0000	0.0207	0.0079	0.0128	0.0286
2018.0000	8.0000	1.0000	737273.0000	0.0248	0.0066	0.0182	0.0314
2018.0000	8.0000	15.0000	737287.0000	0.0314	0.0069	0.0245	0.0383
2018.0000	9.0000	5.0000	737308.0000	0.0190	0.0062	0.0128	0.0252
2018.0000	9.0000	11.0000	737314.0000	0.0266	0.0059	0.0207	0.0325
2018.0000	9.0000	19.0000	737322.0000	0.0428	0.0073	0.0355	0.0501
2018.0000	9.0000	26.0000	737329.0000	0.0100	0.0070	0.0030	0.0170
2018.0000	10.0000	3.0000	737336.0000	0.0200	0.0068	0.0132	0.0268
2018.0000	10.0000	8.0000	737341.0000	0.0284	0.0062	0.0222	0.0346
2018.0000	10.0000	17.0000	737350.0000	0.0234	0.0072	0.0162	0.0306
2018.0000	10.0000	26.0000	737359.0000	0.0116	0.0061	0.0055	0.0177
2018.0000	11.0000	1.0000	737365.0000	0.0322	0.0060	0.0262	0.0382
2018.0000	11.0000	9.0000	737373.0000	0.0146	0.0073	0.0073	0.0219
2018.0000	11.0000	14.0000	737378.0000	0.0297	0.0063	0.0234	0.0360
2018.0000	11.0000	21.0000	737385.0000	0.0281	0.0060	0.0221	0.0341
2018.0000	11.0000	28.0000	737392.0000	0.0174	0.0063	0.0111	0.0237
2018.0000	12.0000	3.0000	737397.0000	0.0228	0.0058	0.0170	0.0286
2018.0000	12.0000	12.0000	737406.0000	0.0197	0.0071	0.0126	0.0268
2018.0000	12.0000	21.0000	737415.0000	0.0216	0.0064	0.0152	0.0280
2018.0000	12.0000	27.0000	737421.0000	0.0258	0.0063	0.0195	0.0321
2019.0000	1.0000	10.0000	737435.0000	0.0136	0.0081	0.0055	0.0217
2019.0000	1.0000	10.0000	737435.0000	0.0140	0.0059	0.0081	0.0199
2019.0000	1.0000	23.0000	737448.0000	0.0139	0.0059	0.0080	0.0198
2019.0000	1.0000	31.0000	737456.0000	0.0323	0.0065	0.0258	0.0388
2019.0000	2.0000	7.0000	737463.0000	0.0243	0.0072	0.0171	0.0315
2019.0000	2.0000	15.0000	737471.0000	0.0156	0.0064	0.0092	0.0220
2019.0000	2.0000	22.0000	737478.0000	0.0308	0.0060	0.0248	0.0368
2019.0000	3.0000	4.0000	737488.0000	0.0280	0.0059	0.0221	0.0339
2019.0000	3.0000	12.0000	737496.0000	0.0193	0.0059	0.0134	0.0252
2019.0000	4.0000	10.0000	737525.0000	0.0254	0.0060	0.0194	0.0314
2019.0000	5.0000	8.0000	737553.0000	0.0205	0.0059	0.0146	0.0264
2019.0000	6.0000	6.0000	737582.0000	0.0211	0.0061	0.0150	0.0272
2019.0000	7.0000	9.0000	737615.0000	0.0322	0.0066	0.0256	0.0388
2019.0000	8.0000	20.0000	737657.0000	0.0231	0.0118	0.0113	0.0349
2019.0000	9.0000	26.0000	737694.0000	0.0384	0.0058	0.0326	0.0442
2019.0000	11.0000	22.0000	737751.0000	0.0231	0.0071	0.0160	0.0302
2019.0000	11.0000	27.0000	737756.0000	0.0245	0.0055	0.0190	0.0300
2019.0000	12.0000	13.0000	737772.0000	0.0152	0.0071	0.0081	0.0223
2019.0000	12.0000	19.0000	737778.0000	0.0247	0.0059	0.0188	0.0306
2020.0000	1.0000	8.0000	737798.0000	0.0289	0.0063	0.0226	0.0352
2020.0000	1.0000	23.0000	737813.0000	0.0209	0.0063	0.0146	0.0272
2020.0000	2.0000	5.0000	737826.0000	0.0169	0.0061	0.0108	0.0230
2020.0000	2.0000	18.0000	737839.0000	0.0209	0.0062	0.0147	0.0271
2020.0000	6.0000	24.0000	737966.0000	0.0262	0.0058	0.0204	0.0320
2020.0000	8.0000	10.0000	738013.0000	0.0196	0.0061	0.0135	0.0257
2020.0000	8.0000	27.0000	738030.0000	0.0142	0.0071	0.0071	0.0213
2020.0000	9.0000	3.0000	738037.0000	0.0265	0.0069	0.0196	0.0334
2020.0000	9.0000	16.0000	738050.0000	0.0138	0.0072	0.0066	0.0210
2020.0000	9.0000	30.0000	738064.0000	0.0130	0.0062	0.0068	0.0192
2020.0000	10.0000	26.0000	738090.0000	0.0245	0.0056	0.0189	0.0301
2020.0000	12.0000	2.0000	738127.0000	0.0184	0.0062	0.0122	0.0246
2020.0000	12.0000	23.0000	738148.0000	0.0196	0.0062	0.0134	0.0258
2021.0000	1.0000	29.0000	738185.0000	0.0179	0.0058	0.0121	0.0237
2021.0000	2.0000	2.0000	738189.0000	0.0221	0.0082	0.0139	0.0303
2021.0000	3.0000	3.0000	738218.0000	0.0277	0.0106	0.0171	0.0383
2021.0000	3.0000	16.0000	738231.0000	0.0272	0.0067	0.0205	0.0339
2021.0000	3.0000	24.0000	738239.0000	0.0293	0.0061	0.0232	0.0354
2021.0000	4.0000	13.0000	738259.0000	0.0286	0.0061	0.0225	0.0347
2021.0000	4.0000	28.0000	738274.0000	0.0302	0.0066	0.0236	0.0368
2021.0000	5.0000	7.0000	738283.0000	0.0347	0.0061	0.0286	0.0408
2021.0000	5.0000	13.0000	738289.0000	0.0201	0.0060	0.0141	0.0261
2021.0000	5.0000	19.0000	738295.0000	0.0331	0.0058	0.0273	0.0389
2021.0000	5.0000	25.0000	738301.0000	0.0268	0.0055	0.0213	0.0323
2021.0000	6.0000	10.0000	738317.0000	0.0293	0.0055	0.0238	0.0348
2021.0000	6.0000	16.0000	738323.0000	0.0334	0.0054	0.0280	0.0388
2021.0000	6.0000	29.0000	738336.0000	0.0147	0.0055	0.0092	0.0202
2021.0000	7.0000	8.0000	738345.0000	0.0261	0.0055	0.0206	0.0316
2021.0000	7.0000	14.0000	738351.0000	0.0295	0.0055	0.0240	0.0350
2021.0000	7.0000	27.0000	738364.0000	0.0404	0.0054	0.0350	0.0458
2021.0000	8.0000	5.0000	738373.0000	0.0279	0.0053	0.0226	0.0332
2021.0000	8.0000	12.0000	738380.0000	0.0391	0.0056	0.0335	0.0447
2021.0000	8.0000	19.0000	738387.0000	0.0239	0.0055	0.0184	0.0294
2021.0000	8.0000	26.0000	738394.0000	0.0259	0.0203	0.0056	0.0462
2021.0000	9.0000	2.0000	738401.0000	0.0199	0.0054	0.0145	0.0253
2021.0000	9.0000	9.0000	738408.0000	0.0365	0.0055	0.0310	0.0420
2021.0000	9.0000	16.0000	738415.0000	0.0375	0.0057	0.0318	0.0432
2021.0000	9.0000	23.0000	738422.0000	0.0291	0.0056	0.0235	0.0347
2021.0000	9.0000	28.0000	738427.0000	0.0233	0.0056	0.0177	0.0289
2021.0000	10.0000	7.0000	738436.0000	0.0389	0.0056	0.0333	0.0445
2021.0000	10.0000	14.0000	738443.0000	0.0205	0.0054	0.0151	0.0259
2021.0000	10.0000	21.0000	738450.0000	0.0336	0.0054	0.0282	0.0390
2021.0000	10.0000	28.0000	738457.0000	0.0230	0.0054	0.0176	0.0284
2021.0000	11.0000	2.0000	738462.0000	0.0371	0.0057	0.0314	0.0428
2021.0000	11.0000	12.0000	738472.0000	0.0319	0.0087	0.0232	0.0406
2021.0000	11.0000	16.0000	738476.0000	0.0187	0.0055	0.0132	0.0242
2021.0000	11.0000	24.0000	738484.0000	0.0394	0.0053	0.0341	0.0447
2021.0000	12.0000	1.0000	738491.0000	0.0229	0.0056	0.0173	0.0285
2021.0000	12.0000	9.0000	738499.0000	0.0130	0.0053	0.0077	0.0183
2021.0000	12.0000	15.0000	738505.0000	0.0485	0.0054	0.0431	0.0539
2022.0000	1.0000	11.0000	738532.0000	0.0243	0.0055	0.0188	0.0298
