2011.0000	3.0000	14.0000	734576.0000	0.0000	0.0108	-0.0108	0.0108
2011.0000	3.0000	29.0000	734591.0000	-0.0324	0.0111	-0.0435	-0.0213
2011.0000	4.0000	11.0000	734604.0000	-0.0150	0.0108	-0.0258	-0.0042
2011.0000	4.0000	18.0000	734611.0000	-0.0018	0.0111	-0.0129	0.0093
2011.0000	5.0000	3.0000	734626.0000	-0.0215	0.0112	-0.0327	-0.0103
2011.0000	5.0000	5.0000	734628.0000	-0.0071	0.0108	-0.0179	0.0037
2011.0000	6.0000	6.0000	734660.0000	-0.0148	0.0110	-0.0258	-0.0038
2011.0000	7.0000	11.0000	734695.0000	-0.0197	0.0120	-0.0317	-0.0077
2011.0000	8.0000	15.0000	734730.0000	-0.0120	0.0114	-0.0234	-0.0006
2011.0000	10.0000	3.0000	734779.0000	-0.0113	0.0113	-0.0226	-0.0000
2011.0000	11.0000	22.0000	734829.0000	-0.0071	0.0112	-0.0183	0.0041
2011.0000	12.0000	6.0000	734843.0000	-0.0147	0.0119	-0.0266	-0.0028
2011.0000	12.0000	19.0000	734856.0000	0.0001	0.0108	-0.0107	0.0109
2012.0000	1.0000	24.0000	734892.0000	-0.0204	0.0107	-0.0311	-0.0097
2012.0000	2.0000	14.0000	734913.0000	-0.0271	0.0112	-0.0383	-0.0159
2012.0000	2.0000	29.0000	734928.0000	-0.0269	0.0111	-0.0380	-0.0158
2012.0000	3.0000	23.0000	734951.0000	-0.0475	0.0115	-0.0590	-0.0360
2012.0000	4.0000	10.0000	734969.0000	-0.0532	0.0117	-0.0649	-0.0415
2012.0000	4.0000	16.0000	734975.0000	-0.0584	0.0108	-0.0692	-0.0476
2012.0000	4.0000	23.0000	734982.0000	-0.0595	0.0114	-0.0709	-0.0481
2012.0000	6.0000	15.0000	735035.0000	-0.0597	0.0113	-0.0710	-0.0484
2012.0000	6.0000	28.0000	735048.0000	-0.0594	0.0120	-0.0714	-0.0474
2012.0000	8.0000	13.0000	735094.0000	-0.0602	0.0115	-0.0717	-0.0487
2012.0000	8.0000	14.0000	735095.0000	-0.0641	0.0116	-0.0757	-0.0525
2012.0000	8.0000	15.0000	735096.0000	-0.0626	0.0111	-0.0737	-0.0515
2012.0000	8.0000	30.0000	735111.0000	-0.0616	0.0107	-0.0723	-0.0509
2012.0000	9.0000	3.0000	735115.0000	-0.0613	0.0119	-0.0732	-0.0494
2012.0000	9.0000	12.0000	735124.0000	-0.0593	0.0120	-0.0713	-0.0473
2012.0000	9.0000	20.0000	735132.0000	-0.0564	0.0114	-0.0678	-0.0450
2012.0000	9.0000	25.0000	735137.0000	-0.0638	0.0111	-0.0749	-0.0527
2012.0000	9.0000	27.0000	735139.0000	-0.0620	0.0119	-0.0739	-0.0501
2012.0000	10.0000	1.0000	735143.0000	-0.0826	0.0111	-0.0937	-0.0715
2012.0000	10.0000	4.0000	735146.0000	-0.0773	0.0111	-0.0884	-0.0662
2012.0000	10.0000	17.0000	735159.0000	-0.0673	0.0110	-0.0783	-0.0563
2012.0000	11.0000	2.0000	735175.0000	-0.0540	0.0112	-0.0652	-0.0428
2012.0000	11.0000	6.0000	735179.0000	-0.0661	0.0115	-0.0776	-0.0546
2012.0000	11.0000	12.0000	735185.0000	-0.0722	0.0115	-0.0837	-0.0607
2012.0000	11.0000	19.0000	735192.0000	-0.0630	0.0115	-0.0745	-0.0515
2012.0000	12.0000	7.0000	735210.0000	-0.0656	0.0113	-0.0769	-0.0543
2012.0000	12.0000	10.0000	735213.0000	-0.0746	0.0114	-0.0860	-0.0632
2013.0000	1.0000	2.0000	735236.0000	-0.0653	0.0110	-0.0763	-0.0543
2013.0000	1.0000	14.0000	735248.0000	-0.0575	0.0110	-0.0685	-0.0465
2013.0000	1.0000	28.0000	735262.0000	-0.0719	0.0118	-0.0837	-0.0601
2013.0000	1.0000	30.0000	735264.0000	-0.0627	0.0111	-0.0738	-0.0516
2013.0000	2.0000	4.0000	735269.0000	-0.0694	0.0114	-0.0808	-0.0580
2013.0000	3.0000	21.0000	735314.0000	-0.0678	0.0108	-0.0786	-0.0570
2013.0000	8.0000	21.0000	735467.0000	-0.0689	0.0110	-0.0799	-0.0579
2013.0000	8.0000	28.0000	735474.0000	-0.0637	0.0111	-0.0748	-0.0526
2013.0000	9.0000	5.0000	735482.0000	-0.0635	0.0111	-0.0746	-0.0524
2013.0000	9.0000	20.0000	735497.0000	-0.0640	0.0118	-0.0758	-0.0522
2013.0000	10.0000	5.0000	735512.0000	-0.0637	0.0108	-0.0745	-0.0529
2013.0000	11.0000	18.0000	735556.0000	-0.0628	0.0108	-0.0736	-0.0520
2013.0000	12.0000	5.0000	735573.0000	-0.0592	0.0107	-0.0699	-0.0485
2014.0000	1.0000	15.0000	735614.0000	-0.0620	0.0106	-0.0726	-0.0514
2014.0000	2.0000	18.0000	735648.0000	-0.0699	0.0114	-0.0813	-0.0585
2014.0000	3.0000	3.0000	735661.0000	-0.0890	0.0107	-0.0997	-0.0783
2014.0000	3.0000	27.0000	735685.0000	-0.0942	0.0113	-0.1055	-0.0829
2014.0000	4.0000	11.0000	735700.0000	-0.0979	0.0149	-0.1128	-0.0830
2014.0000	4.0000	14.0000	735703.0000	-0.0911	0.0110	-0.1021	-0.0801
2014.0000	5.0000	27.0000	735746.0000	-0.0932	0.0108	-0.1040	-0.0824
2014.0000	7.0000	9.0000	735789.0000	-0.0967	0.0117	-0.1084	-0.0850
2014.0000	8.0000	22.0000	735833.0000	-0.0995	0.0111	-0.1106	-0.0884
2014.0000	10.0000	16.0000	735888.0000	-0.1004	0.0113	-0.1117	-0.0891
2014.0000	12.0000	2.0000	735935.0000	-0.0974	0.0115	-0.1089	-0.0859
2014.0000	12.0000	15.0000	735948.0000	-0.0946	0.0107	-0.1053	-0.0839
2015.0000	2.0000	17.0000	736012.0000	-0.1033	0.0116	-0.1149	-0.0917
2015.0000	2.0000	26.0000	736021.0000	-0.0955	0.0111	-0.1066	-0.0844
2015.0000	4.0000	2.0000	736056.0000	-0.1021	0.0114	-0.1135	-0.0907
2015.0000	4.0000	21.0000	736075.0000	-0.0980	0.0111	-0.1091	-0.0869
2015.0000	6.0000	25.0000	736140.0000	-0.0972	0.0111	-0.1083	-0.0861
2015.0000	11.0000	19.0000	736287.0000	-0.1004	0.0113	-0.1117	-0.0891
2016.0000	1.0000	14.0000	736343.0000	-0.0997	0.0114	-0.1111	-0.0883
2016.0000	3.0000	15.0000	736404.0000	-0.1002	0.0111	-0.1113	-0.0891
2017.0000	1.0000	18.0000	736713.0000	-0.0896	0.0112	-0.1008	-0.0784
2017.0000	3.0000	20.0000	736774.0000	-0.0934	0.0113	-0.1047	-0.0821
2017.0000	6.0000	21.0000	736867.0000	-0.0736	0.0103	-0.0839	-0.0633
2017.0000	7.0000	11.0000	736887.0000	-0.0731	0.0091	-0.0822	-0.0640
2017.0000	8.0000	28.0000	736935.0000	-0.0832	0.0091	-0.0923	-0.0741
2018.0000	1.0000	25.0000	737085.0000	-0.0756	0.0096	-0.0852	-0.0660
2018.0000	2.0000	8.0000	737099.0000	-0.0845	0.0094	-0.0939	-0.0751
2018.0000	4.0000	30.0000	737180.0000	-0.0902	0.0096	-0.0998	-0.0806
2018.0000	5.0000	15.0000	737195.0000	-0.0910	0.0091	-0.1001	-0.0819
2018.0000	7.0000	31.0000	737272.0000	-0.0902	0.0087	-0.0989	-0.0815
2018.0000	10.0000	12.0000	737345.0000	-0.0975	0.0102	-0.1077	-0.0873
2018.0000	11.0000	28.0000	737392.0000	-0.0873	0.0086	-0.0959	-0.0787
2018.0000	11.0000	29.0000	737393.0000	-0.0925	0.0108	-0.1033	-0.0817
2018.0000	12.0000	18.0000	737412.0000	-0.0937	0.0102	-0.1039	-0.0835
2019.0000	1.0000	16.0000	737441.0000	-0.0793	0.0084	-0.0877	-0.0709
2019.0000	5.0000	30.0000	737575.0000	-0.0938	0.0105	-0.1043	-0.0833
2019.0000	8.0000	21.0000	737658.0000	-0.0905	0.0103	-0.1008	-0.0802
2019.0000	11.0000	28.0000	737757.0000	-0.0843	0.0089	-0.0932	-0.0754
2019.0000	12.0000	17.0000	737776.0000	-0.0897	0.0085	-0.0982	-0.0812
2020.0000	1.0000	24.0000	737814.0000	-0.0942	0.0091	-0.1033	-0.0851
2020.0000	2.0000	27.0000	737848.0000	-0.0891	0.0089	-0.0980	-0.0802
2020.0000	3.0000	9.0000	737859.0000	-0.0899	0.0084	-0.0983	-0.0815
2020.0000	3.0000	26.0000	737876.0000	-0.0758	0.0091	-0.0849	-0.0667
2020.0000	4.0000	3.0000	737884.0000	-0.0926	0.0094	-0.1020	-0.0832
2020.0000	9.0000	1.0000	738035.0000	-0.1072	0.0116	-0.1188	-0.0956
2020.0000	11.0000	16.0000	738111.0000	-0.1092	0.0092	-0.1184	-0.1000
2021.0000	3.0000	9.0000	738224.0000	-0.1038	0.0094	-0.1132	-0.0944
2021.0000	4.0000	27.0000	738273.0000	-0.1087	0.0145	-0.1232	-0.0942
2021.0000	5.0000	6.0000	738282.0000	-0.1031	0.0099	-0.1130	-0.0932
2021.0000	6.0000	3.0000	738310.0000	-0.1104	0.0086	-0.1190	-0.1018
2021.0000	8.0000	25.0000	738393.0000	-0.1296	0.0085	-0.1381	-0.1211
2021.0000	8.0000	26.0000	738394.0000	-0.1173	0.0085	-0.1258	-0.1088
2021.0000	8.0000	29.0000	738397.0000	-0.1228	0.0087	-0.1315	-0.1141
2021.0000	8.0000	31.0000	738399.0000	-0.1308	0.0085	-0.1393	-0.1223
2021.0000	9.0000	1.0000	738400.0000	-0.1326	0.0085	-0.1411	-0.1241
2021.0000	9.0000	2.0000	738401.0000	-0.1261	0.0086	-0.1347	-0.1175
2021.0000	9.0000	8.0000	738407.0000	-0.1217	0.0086	-0.1303	-0.1131
2021.0000	9.0000	20.0000	738419.0000	-0.1273	0.0020	-0.1293	-0.1253
2021.0000	9.0000	21.0000	738420.0000	-0.1238	0.0085	-0.1323	-0.1153
2021.0000	9.0000	23.0000	738422.0000	-0.1334	0.0086	-0.1420	-0.1248
2021.0000	9.0000	27.0000	738426.0000	-0.1367	0.0084	-0.1451	-0.1283
2021.0000	9.0000	29.0000	738428.0000	-0.1302	0.0087	-0.1389	-0.1215
2021.0000	12.0000	16.0000	738506.0000	-0.1325	0.0090	-0.1415	-0.1235
2022.0000	1.0000	17.0000	738538.0000	-0.1251	0.0085	-0.1336	-0.1166
